1.192817913000000063e+00
1.168905788000000001e+00
1.460498520999999883e+00
1.459231093999999951e+00
1.340346430000000089e+00
1.711195605999999980e+00
1.644106464000000045e+00
1.726911703000000076e+00
1.993240389000000112e+00
1.857541190999999925e+00
1.916096323999999962e+00
2.194761300999999776e+00
2.262441910000000167e+00
2.491592733000000059e+00
2.429742290000000082e+00
2.114406422000000063e+00
2.695310520000000043e+00
2.565610476999999889e+00
2.225517533000000103e+00
2.836755386999999740e+00
